$ANSIBLE_VAULT;1.1;AES256
36393638383066373638393033636464323662303536613336323633643763656536616461623764
6531363039333833386362323535653737313962643832390a646539383730303466653239393837
32666534343932383665646435643536336631343138343833643139623238666632613862373365
3461333164656665360a663331636333323737376662663634623965613037313738343863623262
66363532613736356234393035316364623335613331646135363932386430316664613036633363
35303362343435613664663438386536346533333438623336393066353631383439613465636362
64663739346430636461323264396263303664613363663935343163643935373131626538393937
37363132613635363333333734323562613931363131363636616133363832346230666534376662
31383934343939613832306338653138326461363935316566363437313430653932393336643635
63656634623031393536313861643332373238633937336339636139356463326264356465666165
35623532346565306564316432343237633762663861643232626265333363663265383037333633
32393432306437303037363263353863323639386630623862663437323231303666383033303164
61653033656336376534346230623264343935303034623931393038623634653161363065626232
6233666336373733323931363564376463343165633432663230
